[15:40:16] - Len: 521
01 00 0c cc cc cc 1c 1d 86 20 10 01 01 fb aa aa
03 00 00 0c 20 00 02 b4 e1 9e 00 01 00 21 75 73
6d 6f 6f 77 30 35 30 30 32 2d 73 77 69 64 66 31
2e 6c 73 63 63 6f 6d 2e 63 6f 6d 00 05 00 fa 43
69 73 63 6f 20 49 4f 53 20 53 6f 66 74 77 61 72
65 2c 20 43 32 39 36 30 58 20 53 6f 66 74 77 61
72 65 20 28 43 32 39 36 30 58 2d 55 4e 49 56 45
52 53 41 4c 4b 39 2d 4d 29 2c 20 56 65 72 73 69
6f 6e 20 31 35 2e 32 28 32 29 45 37 2c 20 52 45
4c 45 41 53 45 20 53 4f 46 54 57 41 52 45 20 28
66 63 33 29 0a 54 65 63 68 6e 69 63 61 6c 20 53
75 70 70 6f 72 74 3a 20 68 74 74 70 3a 2f 2f 77
77 77 2e 63 69 73 63 6f 2e 63 6f 6d 2f 74 65 63
68 73 75 70 70 6f 72 74 0a 43 6f 70 79 72 69 67
68 74 20 28 63 29 20 31 39 38 36 2d 32 30 31 37
20 62 79 20 43 69 73 63 6f 20 53 79 73 74 65 6d
73 2c 20 49 6e 63 2e 0a 43 6f 6d 70 69 6c 65 64
20 57 65 64 20 31 32 2d 4a 75 6c 2d 31 37 20 31
33 3a 30 36 20 62 79 20 70 72 6f 64 5f 72 65 6c
5f 74 65 61 6d 00 06 00 1b 63 69 73 63 6f 20 57
53 2d 43 32 39 36 30 58 2d 34 38 4c 50 53 2d 4c
00 02 00 11 00 00 00 01 01 01 cc 00 04 0a dc de
30 00 03 00 18 47 69 67 61 62 69 74 45 74 68 65
72 6e 65 74 31 2f 30 2f 31 00 04 00 08 00 00 00
28 00 08 00 24 00 00 0c 01 12 00 00 00 00 ff ff
ff ff 01 02 21 ff 00 00 00 00 00 00 1c 1d 86 20
10 00 ff 00 00 00 09 00 0a 6f 77 65 6d 66 67 00
0a 00 06 00 01 00 0b 00 05 01 00 0e 00 07 01 01
f4 00 12 00 05 00 00 13 00 05 00 00 16 00 11 00
00 00 01 01 01 cc 00 04 0a dc de 30 00 1a 00 10
00 00 00 01 00 00 1b 58 ff ff ff ff 00 1f 00 05
00 10 04 00 13 31 63 31 64 2e 38 36 32 30 2e 31
30 30 30 00 10 03 00 05 31